-2.226852, 0.116347, -11.962154, 0.918303, 0.085832, -0.0, 1.0, -0.0, -0.9879067635464752, 0.0, -0.15504911008815497, 
-4.104357, 0.116347, -8.210257, 0.978086, 0.273561, -0.0, 1.0, -0.0, -0.9879067635464752, 0.0, -0.15504911008815497, 
-4.825562, 0.116347, -4.45383, 0.984192, 0.453081, -0.0, 1.0, -0.0, -0.9879067635464752, 0.0, -0.15504911008815497, 
-2.226852, 0.116347, -11.962154, 0.918303, 0.085832, -0.0, 1.0, -0.0, -0.9879072424307129, 0.0, -0.155046058811388, 
-4.825562, 0.116347, -4.45383, 0.984192, 0.453081, -0.0, 1.0, -0.0, -0.9879072424307129, 0.0, -0.155046058811388, 
-3.006608, 0.116347, -5.761468, 0.909329, 0.379173, -0.0, 1.0, -0.0, -0.9879072424307129, 0.0, -0.155046058811388, 
-3.006608, 0.116347, -5.761468, 0.909329, 0.379173, -0.0, 1.0, -0.0, -0.9879063809480545, 0.0, -0.1550515478223847, 
-4.825562, 0.116347, -4.45383, 0.984192, 0.453081, -0.0, 1.0, -0.0, -0.9879063809480545, 0.0, -0.1550515478223847, 
-4.825562, 0.116347, -1.994501, 0.966285, 0.567174, -0.0, 1.0, -0.0, -0.9879063809480545, 0.0, -0.1550515478223847, 
-3.006608, 0.116347, -5.761468, 0.909329, 0.379173, -0.0, 1.0, -0.0, -0.9879067301420472, 0.0, -0.155049322926765, 
-4.825562, 0.116347, -1.994501, 0.966285, 0.567174, -0.0, 1.0, -0.0, -0.9879067301420472, 0.0, -0.155049322926765, 
-1.937588, 0.116347, -1.724441, 0.83034, 0.558675, -0.0, 1.0, -0.0, -0.9879067301420472, 0.0, -0.155049322926765, 
-1.937588, 0.116347, -1.724441, 0.83034, 0.558675, -0.0, 1.0, -0.0, -0.9879067296622982, 0.0, -0.15504932598351695, 
-4.825562, 0.116347, -1.994501, 0.966285, 0.567174, -0.0, 1.0, -0.0, -0.9879067296622982, 0.0, -0.15504932598351695, 
-3.758498, 0.116347, 0.221279, 0.900648, 0.662199, -0.0, 1.0, -0.0, -0.9879067296622982, 0.0, -0.15504932598351695, 
-1.937588, 0.116347, -1.724441, 0.83034, 0.558675, -0.0, 1.0, -0.0, -0.9879067735946441, 0.0, -0.15504904606549674, 
-3.758498, 0.116347, 0.221279, 0.900648, 0.662199, -0.0, 1.0, -0.0, -0.9879067735946441, 0.0, -0.15504904606549674, 
-1.835717, 0.116347, 1.754646, 0.800282, 0.719335, -0.0, 1.0, -0.0, -0.9879067735946441, 0.0, -0.15504904606549674, 
0.673886, 0.116347, -13.326893, 0.793669, 0.001398, -0.0, 1.0, -0.0, -0.9879066190511132, 0.0, -0.15505003074813825, 
-2.226852, 0.116347, -11.962154, 0.918303, 0.085832, -0.0, 1.0, -0.0, -0.9879066190511132, 0.0, -0.15505003074813825, 
-3.006608, 0.116347, -5.761468, 0.909329, 0.379173, -0.0, 1.0, -0.0, -0.9879066190511132, 0.0, -0.15505003074813825, 
0.673886, 0.116347, -13.326893, 0.793669, 0.001398, -0.0, 1.0, -0.0, -0.9879054073841445, 0.0, -0.1550577507290996, 
-3.006608, 0.116347, -5.761468, 0.909329, 0.379173, -0.0, 1.0, -0.0, -0.9879054073841445, 0.0, -0.1550577507290996, 
-0.129767, 0.116347, -6.453187, 0.780902, 0.326135, -0.0, 1.0, -0.0, -0.9879054073841445, 0.0, -0.1550577507290996, 
-0.129767, 0.116347, -6.453187, 0.780902, 0.326135, -0.0, 1.0, -0.0, -0.987905465785269, 0.0, -0.15505737864284458, 
-3.006608, 0.116347, -5.761468, 0.909329, 0.379173, -0.0, 1.0, -0.0, -0.987905465785269, 0.0, -0.15505737864284458, 
-1.937588, 0.116347, -1.724441, 0.83034, 0.558675, -0.0, 1.0, -0.0, -0.987905465785269, 0.0, -0.15505737864284458, 
-0.129767, 0.116347, -6.453187, 0.780902, 0.326135, -0.0, 1.0, -0.0, -0.987906020786955, 0.0, -0.15505384256084825, 
-1.937588, 0.116347, -1.724441, 0.83034, 0.558675, -0.0, 1.0, -0.0, -0.987906020786955, 0.0, -0.15505384256084825, 
0.561952, 0.116347, -1.724441, 0.714381, 0.540475, -0.0, 1.0, -0.0, -0.987906020786955, 0.0, -0.15505384256084825, 
0.561952, 0.116347, -1.724441, 0.714381, 0.540475, 0.0026, 1.0, 0.0018, -0.9879025444763746, 0.002847636331704115, -0.15504984225863389, 
-1.937588, 0.116347, -1.724441, 0.83034, 0.558675, 0.0026, 1.0, 0.0018, -0.9879025444763746, 0.002847636331704115, -0.15504984225863389, 
-1.835717, 0.116347, 1.754646, 0.800282, 0.719335, 0.0026, 1.0, 0.0018, -0.9879025444763746, 0.002847636331704115, -0.15504984225863389, 
0.561952, 0.116347, -1.724441, 0.714381, 0.540475, 0.0026, 1.0, 0.0018, -0.9879025503651284, 0.002847636279480071, -0.15504980473929897, 
-1.835717, 0.116347, 1.754646, 0.800282, 0.719335, 0.0026, 1.0, 0.0018, -0.9879025503651284, 0.002847636279480071, -0.15504980473929897, 
0.879797, 0.099803, 3.495949, 0.661624, 0.780346, 0.0026, 1.0, 0.0018, -0.9879025503651284, 0.002847636279480071, -0.15504980473929897, 
4.311618, 0.116347, -12.00743, 0.615299, 0.036123, -0.0, 1.0, -0.0, -0.9879059467221015, 0.0, -0.1550543144549934, 
0.673886, 0.116347, -13.326893, 0.793669, 0.001398, -0.0, 1.0, -0.0, -0.9879059467221015, 0.0, -0.1550543144549934, 
-0.129767, 0.116347, -6.453187, 0.780902, 0.326135, -0.0, 1.0, -0.0, -0.9879059467221015, 0.0, -0.1550543144549934, 
4.311618, 0.116347, -12.00743, 0.615299, 0.036123, -0.0, 1.0, -0.0, -0.9879063546952108, 0.0, -0.1550517150915148, 
-0.129767, 0.116347, -6.453187, 0.780902, 0.326135, -0.0, 1.0, -0.0, -0.9879063546952108, 0.0, -0.1550517150915148, 
3.218702, 0.116347, -7.082022, 0.630139, 0.272581, -0.0, 1.0, -0.0, -0.9879063546952108, 0.0, -0.1550517150915148, 
3.218702, 0.116347, -7.082022, 0.630139, 0.272581, -0.0, 1.0, -0.0, -0.9879063367810087, 0.0, -0.15505182923115823, 
-0.129767, 0.116347, -6.453187, 0.780902, 0.326135, -0.0, 1.0, -0.0, -0.9879063367810087, 0.0, -0.15505182923115823, 
0.561952, 0.116347, -1.724441, 0.714381, 0.540475, -0.0, 1.0, -0.0, -0.9879063367810087, 0.0, -0.15505182923115823, 
3.218702, 0.116347, -7.082022, 0.630139, 0.272581, -0.0, 1.0, -0.0, -0.9879059984312127, 0.0, -0.15505398499757658, 
0.561952, 0.116347, -1.724441, 0.714381, 0.540475, -0.0, 1.0, -0.0, -0.9879059984312127, 0.0, -0.15505398499757658, 
3.061493, 0.116347, -1.724441, 0.598422, 0.522275, -0.0, 1.0, -0.0, -0.9879059984312127, 0.0, -0.15505398499757658, 
3.061493, 0.116347, -1.724441, 0.598422, 0.522275, 0.0004, 1.0, 0.0033, -0.9879058574326245, 0.0009068347070081354, -0.15505223152578357, 
0.561952, 0.116347, -1.724441, 0.714381, 0.540475, 0.0004, 1.0, 0.0033, -0.9879058574326245, 0.0009068347070081354, -0.15505223152578357, 
0.879797, 0.099803, 3.495949, 0.661624, 0.780346, 0.0004, 1.0, 0.0033, -0.9879058574326245, 0.0009068347070081354, -0.15505223152578357, 
3.061493, 0.116347, -1.724441, 0.598422, 0.522275, 0.0004, 1.0, 0.0033, -0.9879046419954388, 0.0009068597751729901, -0.15505997526509532, 
0.879797, 0.099803, 3.495949, 0.661624, 0.780346, 0.0004, 1.0, 0.0033, -0.9879046419954388, 0.0009068597751729901, -0.15505997526509532, 
3.277466, 0.099803, 2.948696, 0.554376, 0.737499, 0.0004, 1.0, 0.0033, -0.9879046419954388, 0.0009068597751729901, -0.15505997526509532, 
6.234399, 0.116347, -10.474063, 0.514933, 0.093259, -0.0, 1.0, -0.0, -0.9879064268639224, 0.0, -0.1550512552704994, 
4.311618, 0.116347, -12.00743, 0.615299, 0.036123, -0.0, 1.0, -0.0, -0.9879064268639224, 0.0, -0.1550512552704994, 
3.218702, 0.116347, -7.082022, 0.630139, 0.272581, -0.0, 1.0, -0.0, -0.9879064268639224, 0.0, -0.1550512552704994, 
6.234399, 0.116347, -10.474063, 0.514933, 0.093259, -0.0, 1.0, -0.0, -0.9879055870144254, 0.0, -0.1550566062626272, 
3.218702, 0.116347, -7.082022, 0.630139, 0.272581, -0.0, 1.0, -0.0, -0.9879055870144254, 0.0, -0.1550566062626272, 
6.106675, 0.116347, -6.811962, 0.494193, 0.264081, -0.0, 1.0, -0.0, -0.9879055870144254, 0.0, -0.1550566062626272, 
6.106675, 0.116347, -6.811962, 0.494193, 0.264081, 0.0016, 1.0, 0.001, -0.9879043247110766, 0.0017357018535328309, -0.1550549339951085, 
3.218702, 0.116347, -7.082022, 0.630139, 0.272581, 0.0016, 1.0, 0.001, -0.9879043247110766, 0.0017357018535328309, -0.1550549339951085, 
3.061493, 0.116347, -1.724441, 0.598422, 0.522275, 0.0016, 1.0, 0.001, -0.9879043247110766, 0.0017357018535328309, -0.1550549339951085, 
6.106675, 0.116347, -6.811962, 0.494193, 0.264081, 0.0016, 1.0, 0.001, -0.9879055536914946, 0.0017356959895392337, -0.15504710363284216, 
3.061493, 0.116347, -1.724441, 0.598422, 0.522275, 0.0016, 1.0, 0.001, -0.9879055536914946, 0.0017356959895392337, -0.15504710363284216, 
5.05393, 0.107758, -1.40424, 0.503657, 0.522623, 0.0016, 1.0, 0.001, -0.9879055536914946, 0.0017356959895392337, -0.15504710363284216, 
5.05393, 0.107758, -1.40424, 0.503657, 0.522623, 0.003, 1.0, 0.003, -0.9879012097902304, 0.0034288433767078476, -0.1550465824457185, 
3.061493, 0.116347, -1.724441, 0.598422, 0.522275, 0.003, 1.0, 0.003, -0.9879012097902304, 0.0034288433767078476, -0.1550465824457185, 
3.277466, 0.099803, 2.948696, 0.554376, 0.737499, 0.003, 1.0, 0.003, -0.9879012097902304, 0.0034288433767078476, -0.1550465824457185, 
5.05393, 0.107758, -1.40424, 0.503657, 0.522623, 0.003, 1.0, 0.003, -0.9879032613399066, 0.003428810316640461, -0.15503351087358028, 
3.277466, 0.099803, 2.948696, 0.554376, 0.737499, 0.003, 1.0, 0.003, -0.9879032613399066, 0.003428810316640461, -0.15503351087358028, 
4.896346, 0.102859, 0.899504, 0.494193, 0.630646, 0.003, 1.0, 0.003, -0.9879032613399066, 0.003428810316640461, -0.15503351087358028, 
-2.226943, 0.046914, -11.962264, 0.067288, 0.085832, -0.0, -1.0, -0.0, 0.987907204295665, 0.0, 0.1550463017963437, 
-3.006699, 0.046914, -5.761577, 0.076262, 0.379173, -0.0, -1.0, -0.0, 0.987907204295665, 0.0, 0.1550463017963437, 
-4.825652, 0.046914, -4.453939, 0.001398, 0.453081, -0.0, -1.0, -0.0, 0.987907204295665, 0.0, 0.1550463017963437, 
-2.226943, 0.046914, -11.962264, 0.067288, 0.085832, -0.0, -1.0, -0.0, 0.9879069203640565, 0.0, 0.1550481109101488, 
-4.825652, 0.046914, -4.453939, 0.001398, 0.453081, -0.0, -1.0, -0.0, 0.9879069203640565, 0.0, 0.1550481109101488, 
-4.104448, 0.046914, -8.210366, 0.007505, 0.273561, -0.0, -1.0, -0.0, 0.9879069203640565, 0.0, 0.1550481109101488, 
-3.006699, 0.046914, -5.761577, 0.076262, 0.379173, -0.0, -1.0, -0.0, 0.9879067220600821, 0.0, 0.1550493744215164, 
-1.937679, 0.046914, -1.72455, 0.155251, 0.558675, -0.0, -1.0, -0.0, 0.9879067220600821, 0.0, 0.1550493744215164, 
-4.825652, 0.046914, -1.99461, 0.019305, 0.567174, -0.0, -1.0, -0.0, 0.9879067220600821, 0.0, 0.1550493744215164, 
-3.006699, 0.046914, -5.761577, 0.076262, 0.379173, -0.0, -1.0, -0.0, 0.9879063678909574, 0.0, 0.15505163101527297, 
-4.825652, 0.046914, -1.99461, 0.019305, 0.567174, -0.0, -1.0, -0.0, 0.9879063678909574, 0.0, 0.15505163101527297, 
-4.825652, 0.046914, -4.453939, 0.001398, 0.453081, -0.0, -1.0, -0.0, 0.9879063678909574, 0.0, 0.15505163101527297, 
-1.937679, 0.046914, -1.72455, 0.155251, 0.558675, -0.0, -1.0, -0.0, 0.987906693383843, 0.0, 0.15504955713384516, 
-1.835808, 0.046914, 1.754537, 0.185309, 0.719335, -0.0, -1.0, -0.0, 0.987906693383843, 0.0, 0.15504955713384516, 
-3.758589, 0.046914, 0.221169, 0.084942, 0.662199, -0.0, -1.0, -0.0, 0.987906693383843, 0.0, 0.15504955713384516, 
-1.937679, 0.046914, -1.72455, 0.155251, 0.558675, -0.0, -1.0, -0.0, 0.987906725526244, 0.0, 0.1550493523366487, 
-3.758589, 0.046914, 0.221169, 0.084942, 0.662199, -0.0, -1.0, -0.0, 0.987906725526244, 0.0, 0.1550493523366487, 
-4.825652, 0.046914, -1.99461, 0.019305, 0.567174, -0.0, -1.0, -0.0, 0.987906725526244, 0.0, 0.1550493523366487, 
0.673795, 0.046914, -13.327003, 0.191922, 0.001398, -0.0, -1.0, -0.0, 0.9879054084459864, 0.0, 0.15505774396388247, 
-0.129857, 0.046914, -6.453296, 0.204688, 0.326135, -0.0, -1.0, -0.0, 0.9879054084459864, 0.0, 0.15505774396388247, 
-3.006699, 0.046914, -5.761577, 0.076262, 0.379173, -0.0, -1.0, -0.0, 0.9879054084459864, 0.0, 0.15505774396388247, 
0.673795, 0.046914, -13.327003, 0.191922, 0.001398, -0.0, -1.0, -0.0, 0.9879066027763691, 0.0, 0.15505013444319599, 
-3.006699, 0.046914, -5.761577, 0.076262, 0.379173, -0.0, -1.0, -0.0, 0.9879066027763691, 0.0, 0.15505013444319599, 
-2.226943, 0.046914, -11.962264, 0.067288, 0.085832, -0.0, -1.0, -0.0, 0.9879066027763691, 0.0, 0.15505013444319599, 
-0.129857, 0.046914, -6.453296, 0.204688, 0.326135, -0.0, -1.0, -0.0, 0.9879060300709139, 0.0, 0.15505378340926318, 
0.561862, 0.046914, -1.72455, 0.271209, 0.540475, -0.0, -1.0, -0.0, 0.9879060300709139, 0.0, 0.15505378340926318, 
-1.937679, 0.046914, -1.72455, 0.155251, 0.558675, -0.0, -1.0, -0.0, 0.9879060300709139, 0.0, 0.15505378340926318, 
-0.129857, 0.046914, -6.453296, 0.204688, 0.326135, -0.0, -1.0, -0.0, 0.9879054732247207, 0.0, 0.15505733124441645, 
-1.937679, 0.046914, -1.72455, 0.155251, 0.558675, -0.0, -1.0, -0.0, 0.9879054732247207, 0.0, 0.15505733124441645, 
-3.006699, 0.046914, -5.761577, 0.076262, 0.379173, -0.0, -1.0, -0.0, 0.9879054732247207, 0.0, 0.15505733124441645, 
0.561862, 0.046914, -1.72455, 0.271209, 0.540475, -0.0026, -1.0, -0.0018, 0.9879025527176292, -0.0028476362586170624, 0.15504978975068176, 
0.879706, 0.030371, 3.49584, 0.323967, 0.780346, -0.0026, -1.0, -0.0018, 0.9879025527176292, -0.0028476362586170624, 0.15504978975068176, 
-1.835808, 0.046914, 1.754537, 0.185309, 0.719335, -0.0026, -1.0, -0.0018, 0.9879025527176292, -0.0028476362586170624, 0.15504978975068176, 
0.561862, 0.046914, -1.72455, 0.271209, 0.540475, -0.0026, -1.0, -0.0018, 0.9879025539349023, -0.0028476362478217485, 0.1550497819950014, 
-1.835808, 0.046914, 1.754537, 0.185309, 0.719335, -0.0026, -1.0, -0.0018, 0.9879025539349023, -0.0028476362478217485, 0.1550497819950014, 
-1.937679, 0.046914, -1.72455, 0.155251, 0.558675, -0.0026, -1.0, -0.0018, 0.9879025539349023, -0.0028476362478217485, 0.1550497819950014, 
4.311528, 0.046914, -12.00754, 0.370291, 0.036123, -0.0, -1.0, -0.0, 0.9879063342491816, 0.0, 0.1550518453625893, 
3.218611, 0.046914, -7.082131, 0.355452, 0.272581, -0.0, -1.0, -0.0, 0.9879063342491816, 0.0, 0.1550518453625893, 
-0.129857, 0.046914, -6.453296, 0.204688, 0.326135, -0.0, -1.0, -0.0, 0.9879063342491816, 0.0, 0.1550518453625893, 
4.311528, 0.046914, -12.00754, 0.370291, 0.036123, -0.0, -1.0, -0.0, 0.9879059567640922, 0.0, 0.15505425047390242, 
-0.129857, 0.046914, -6.453296, 0.204688, 0.326135, -0.0, -1.0, -0.0, 0.9879059567640922, 0.0, 0.15505425047390242, 
0.673795, 0.046914, -13.327003, 0.191922, 0.001398, -0.0, -1.0, -0.0, 0.9879059567640922, 0.0, 0.15505425047390242, 
3.218611, 0.046914, -7.082131, 0.355452, 0.272581, -0.0, -1.0, -0.0, 0.9879059888853096, 0.0, 0.15505404581802645, 
3.061402, 0.046914, -1.72455, 0.387168, 0.522275, -0.0, -1.0, -0.0, 0.9879059888853096, 0.0, 0.15505404581802645, 
0.561862, 0.046914, -1.72455, 0.271209, 0.540475, -0.0, -1.0, -0.0, 0.9879059888853096, 0.0, 0.15505404581802645, 
3.218611, 0.046914, -7.082131, 0.355452, 0.272581, -0.0, -1.0, -0.0, 0.987906330036243, 0.0, 0.1550518722051492, 
0.561862, 0.046914, -1.72455, 0.271209, 0.540475, -0.0, -1.0, -0.0, 0.987906330036243, 0.0, 0.1550518722051492, 
-0.129857, 0.046914, -6.453296, 0.204688, 0.326135, -0.0, -1.0, -0.0, 0.987906330036243, 0.0, 0.1550518722051492, 
3.061402, 0.046914, -1.72455, 0.387168, 0.522275, -0.0004, -1.0, -0.0033, 0.9879062446137508, -0.000906826721195113, 0.15504976465139772, 
3.277375, 0.030371, 2.948587, 0.431215, 0.7375, -0.0004, -1.0, -0.0033, 0.9879062446137508, -0.000906826721195113, 0.15504976465139772, 
0.879706, 0.030371, 3.49584, 0.323967, 0.780346, -0.0004, -1.0, -0.0033, 0.9879062446137508, -0.000906826721195113, 0.15504976465139772, 
3.061402, 0.046914, -1.72455, 0.387168, 0.522275, -0.0004, -1.0, -0.0033, 0.9879058473218869, -0.0009068349155456016, 0.15505229594449907, 
0.879706, 0.030371, 3.49584, 0.323967, 0.780346, -0.0004, -1.0, -0.0033, 0.9879058473218869, -0.0009068349155456016, 0.15505229594449907, 
0.561862, 0.046914, -1.72455, 0.271209, 0.540475, -0.0004, -1.0, -0.0033, 0.9879058473218869, -0.0009068349155456016, 0.15505229594449907, 
6.234309, 0.046914, -10.474173, 0.470658, 0.093259, -0.0, -1.0, -0.0, 0.9879068273983844, 0.0, 0.15504870325049047, 
6.106584, 0.046914, -6.812072, 0.491397, 0.264082, -0.0, -1.0, -0.0, 0.9879068273983844, 0.0, 0.15504870325049047, 
3.218611, 0.046914, -7.082131, 0.355452, 0.272581, -0.0, -1.0, -0.0, 0.9879068273983844, 0.0, 0.15504870325049047, 
6.234309, 0.046914, -10.474173, 0.470658, 0.093259, -0.0, -1.0, -0.0, 0.9879064462083028, 0.0, 0.1550511320180603, 
3.218611, 0.046914, -7.082131, 0.355452, 0.272581, -0.0, -1.0, -0.0, 0.9879064462083028, 0.0, 0.1550511320180603, 
4.311528, 0.046914, -12.00754, 0.370291, 0.036123, -0.0, -1.0, -0.0, 0.9879064462083028, 0.0, 0.1550511320180603, 
6.106584, 0.046914, -6.812072, 0.491397, 0.264082, -0.0016, -1.0, -0.001, 0.9879055560523601, -0.0017356959782741407, 0.15504708859036445, 
5.053839, 0.038326, -1.404349, 0.481933, 0.522623, -0.0016, -1.0, -0.001, 0.9879055560523601, -0.0017356959782741407, 0.15504708859036445, 
3.061402, 0.046914, -1.72455, 0.387168, 0.522275, -0.0016, -1.0, -0.001, 0.9879055560523601, -0.0017356959782741407, 0.15504708859036445, 
6.106584, 0.046914, -6.812072, 0.491397, 0.264082, -0.0016, -1.0, -0.001, 0.9879055087719858, -0.0017356962038766438, 0.1550473898414666, 
3.061402, 0.046914, -1.72455, 0.387168, 0.522275, -0.0016, -1.0, -0.001, 0.9879055087719858, -0.0017356962038766438, 0.1550473898414666, 
3.218611, 0.046914, -7.082131, 0.355452, 0.272581, -0.0016, -1.0, -0.001, 0.9879055087719858, -0.0017356962038766438, 0.1550473898414666, 
5.053839, 0.038326, -1.404349, 0.481933, 0.522623, -0.003, -1.0, -0.003, 0.987901031802422, -0.0034288462447648145, 0.15504771645251603, 
4.896255, 0.033427, 0.899395, 0.491397, 0.630646, -0.003, -1.0, -0.003, 0.987901031802422, -0.0034288462447648145, 0.15504771645251603, 
3.277375, 0.030371, 2.948587, 0.431215, 0.7375, -0.003, -1.0, -0.003, 0.987901031802422, -0.0034288462447648145, 0.15504771645251603, 
5.053839, 0.038326, -1.404349, 0.481933, 0.522623, -0.003, -1.0, -0.003, 0.9879012073344461, -0.003428843416279999, 0.15504659809222024, 
3.277375, 0.030371, 2.948587, 0.431215, 0.7375, -0.003, -1.0, -0.003, 0.9879012073344461, -0.003428843416279999, 0.15504659809222024, 
3.061402, 0.046914, -1.72455, 0.387168, 0.522275, -0.003, -1.0, -0.003, 0.9879012073344461, -0.003428843416279999, 0.15504659809222024, 
-3.758498, 0.116347, 0.221279, 0.993562, 0.688646, -0.6235, -0.0004, 0.7818, -0.0013239604718834623, -0.9999978949998845, -0.0015675217603214285, 
-3.758589, 0.046914, 0.221169, 0.996823, 0.688646, -0.6235, -0.0004, 0.7818, -0.0013239604718834623, -0.9999978949998845, -0.0015675217603214285, 
-1.835808, 0.046914, 1.754537, 0.996585, 0.803389, -0.6235, -0.0004, 0.7818, -0.0013239604718834623, -0.9999978949998845, -0.0015675217603214285, 
-3.758498, 0.116347, 0.221279, 0.993562, 0.688646, -0.6235, -0.0004, 0.7818, -0.0013169397911021892, -0.9999979130314389, -0.0015619226464118582, 
-1.835808, 0.046914, 1.754537, 0.996585, 0.803389, -0.6235, -0.0004, 0.7818, -0.0013169397911021892, -0.9999979130314389, -0.0015619226464118582, 
-1.835717, 0.116347, 1.754646, 0.993324, 0.803389, -0.6235, -0.0004, 0.7818, -0.0013169397911021892, -0.9999979130314389, -0.0015619226464118582, 
0.879797, 0.099803, 3.495949, 0.990249, 0.702512, 0.2225, -0.0018, 0.9749, 0.0008147631338864111, 0.9999982896351334, 0.0016603878593225085, 
0.879706, 0.030371, 3.49584, 0.986989, 0.702513, 0.2225, -0.0018, 0.9749, 0.0008147631338864111, 0.9999982896351334, 0.0016603878593225085, 
3.277375, 0.030371, 2.948587, 0.987088, 0.632175, 0.2225, -0.0018, 0.9749, 0.0008147631338864111, 0.9999982896351334, 0.0016603878593225085, 
0.879797, 0.099803, 3.495949, 0.990249, 0.702512, 0.2225, -0.0018, 0.9749, 0.0013057160213021258, 0.9999979488758053, 0.0015483377712962629, 
3.277375, 0.030371, 2.948587, 0.987088, 0.632175, 0.2225, -0.0018, 0.9749, 0.0013057160213021258, 0.9999979488758053, 0.0015483377712962629, 
3.277466, 0.099803, 2.948696, 0.990348, 0.632175, 0.2225, -0.0018, 0.9749, 0.0013057160213021258, 0.9999979488758053, 0.0015483377712962629, 
0.673886, 0.116347, -13.326893, 0.993324, 0.001401, -0.4257, 0.002, -0.9049, -0.0026767066160069755, -0.99999596545632, -0.0009509536130826283, 
0.673795, 0.046914, -13.327003, 0.996585, 0.001398, -0.4257, 0.002, -0.9049, -0.0026767066160069755, -0.99999596545632, -0.0009509536130826283, 
-2.226943, 0.046914, -11.962264, 0.996742, 0.093387, -0.4257, 0.002, -0.9049, -0.0026767066160069755, -0.99999596545632, -0.0009509536130826283, 
0.673886, 0.116347, -13.326893, 0.993324, 0.001401, -0.4257, 0.002, -0.9049, -0.002222555383000274, -0.9999968519653805, -0.0011646058983175425, 
-2.226943, 0.046914, -11.962264, 0.996742, 0.093387, -0.4257, 0.002, -0.9049, -0.002222555383000274, -0.9999968519653805, -0.0011646058983175425, 
-2.226852, 0.116347, -11.962154, 0.993481, 0.093389, -0.4257, 0.002, -0.9049, -0.002222555383000274, -0.9999968519653805, -0.0011646058983175425, 
-4.104357, 0.116347, -8.210257, 0.993485, 0.28446, -0.9821, 0.0016, -0.1885, -0.0015007351104222347, -0.9999986500468379, -0.0006691028547971553, 
-4.104448, 0.046914, -8.210366, 0.996746, 0.284457, -0.9821, 0.0016, -0.1885, -0.0015007351104222347, -0.9999986500468379, -0.0006691028547971553, 
-4.825652, 0.046914, -4.453939, 0.996669, 0.46401, -0.9821, 0.0016, -0.1885, -0.0015007351104222347, -0.9999986500468379, -0.0006691028547971553, 
-4.104357, 0.116347, -8.210257, 0.993485, 0.28446, -0.9821, 0.0016, -0.1885, -0.0015002233947266758, -0.9999986490272256, -0.0006717689256365637, 
-4.825652, 0.046914, -4.453939, 0.996669, 0.46401, -0.9821, 0.0016, -0.1885, -0.0015002233947266758, -0.9999986490272256, -0.0006717689256365637, 
-4.825562, 0.116347, -4.45383, 0.993408, 0.464013, -0.9821, 0.0016, -0.1885, -0.0015002233947266758, -0.9999986490272256, -0.0006717689256365637, 
6.234399, 0.116347, -10.474063, 0.990266, 0.998602, 0.6235, 0.0004, -0.7818, -0.0001427357834665028, 0.9999999106887058, 0.0003978053252546915, 
6.234309, 0.046914, -10.474173, 0.987005, 0.998596, 0.6235, 0.0004, -0.7818, -0.0001427357834665028, 0.9999999106887058, 0.0003978053252546915, 
4.311528, 0.046914, -12.00754, 0.986988, 0.884629, 0.6235, 0.0004, -0.7818, -0.0001427357834665028, 0.9999999106887058, 0.0003978053252546915, 
6.234399, 0.116347, -10.474063, 0.990266, 0.998602, 0.6235, 0.0004, -0.7818, -0.00038573332318603986, 0.9999999047948005, 0.00020401027745129742, 
4.311528, 0.046914, -12.00754, 0.986988, 0.884629, 0.6235, 0.0004, -0.7818, -0.00038573332318603986, 0.9999999047948005, 0.00020401027745129742, 
4.311618, 0.116347, -12.00743, 0.990249, 0.884636, 0.6235, 0.0004, -0.7818, -0.00038573332318603986, 0.9999999047948005, 0.00020401027745129742, 
-4.825562, 0.116347, -4.45383, 0.993408, 0.464013, -1.0, 0.0013, -0.0, -0.0012999986455207774, -0.9999989580929055, -0.0006275481056290861, 
-4.825652, 0.046914, -4.453939, 0.996669, 0.46401, -1.0, 0.0013, -0.0, -0.0012999986455207774, -0.9999989580929055, -0.0006275481056290861, 
-4.825652, 0.046914, -1.99461, 0.996585, 0.576776, -1.0, 0.0013, -0.0, -0.0012999986455207774, -0.9999989580929055, -0.0006275481056290861, 
-4.825562, 0.116347, -4.45383, 0.993408, 0.464013, -1.0, 0.0013, -0.0, -0.0012999986455207776, -0.9999989580929057, -0.0006275481056004114, 
-4.825652, 0.046914, -1.99461, 0.996585, 0.576776, -1.0, 0.0013, -0.0, -0.0012999986455207776, -0.9999989580929057, -0.0006275481056004114, 
-4.825562, 0.116347, -1.994501, 0.993324, 0.576779, -1.0, 0.0013, -0.0, -0.0012999986455207776, -0.9999989580929057, -0.0006275481056004114, 
-4.825562, 0.116347, -1.994501, 0.993798, 0.579575, -0.901, 0.0005, 0.4339, -0.0013081692405138812, -0.9999979211453337, -0.001564096623946394, 
-4.825652, 0.046914, -1.99461, 0.997058, 0.579575, -0.901, 0.0005, 0.4339, -0.0013081692405138812, -0.9999979211453337, -0.001564096623946394, 
-3.758589, 0.046914, 0.221169, 0.996823, 0.688646, -0.901, 0.0005, 0.4339, -0.0013081692405138812, -0.9999979211453337, -0.001564096623946394, 
-4.825562, 0.116347, -1.994501, 0.993798, 0.579575, -0.901, 0.0005, 0.4339, -0.0013165106279397192, -0.9999978829566922, -0.0015814176867834542, 
-3.758589, 0.046914, 0.221169, 0.996823, 0.688646, -0.901, 0.0005, 0.4339, -0.0013165106279397192, -0.9999978829566922, -0.0015814176867834542, 
-3.758498, 0.116347, 0.221279, 0.993562, 0.688646, -0.901, 0.0005, 0.4339, -0.0013165106279397192, -0.9999978829566922, -0.0015814176867834542, 
-1.835717, 0.116347, 1.754646, 0.993324, 0.803389, -0.5398, -0.0006, 0.8418, -0.0013181900764358179, -0.9999979174415609, -0.0015580396219113696, 
-1.835808, 0.046914, 1.754537, 0.996585, 0.803389, -0.5398, -0.0006, 0.8418, -0.0013181900764358179, -0.9999979174415609, -0.0015580396219113696, 
0.879706, 0.030371, 3.49584, 0.997058, 0.951329, -0.5398, -0.0006, 0.8418, -0.0013181900764358179, -0.9999979174415609, -0.0015580396219113696, 
-1.835717, 0.116347, 1.754646, 0.993324, 0.803389, -0.5398, -0.0006, 0.8418, -0.0013182137263472325, -0.9999979173867573, -0.0015580547872586009, 
0.879706, 0.030371, 3.49584, 0.997058, 0.951329, -0.5398, -0.0006, 0.8418, -0.0013182137263472325, -0.9999979173867573, -0.0015580547872586009, 
0.879797, 0.099803, 3.495949, 0.993798, 0.951329, -0.5398, -0.0006, 0.8418, -0.0013182137263472325, -0.9999979173867573, -0.0015580547872586009, 
6.106675, 0.116347, -6.811962, 0.990528, 0.160186, 0.9994, -0.0014, 0.0349, 0.001345471177986176, 0.9999978379858114, 0.0015854750114828542, 
6.106584, 0.046914, -6.812072, 0.987268, 0.160186, 0.9994, -0.0014, 0.0349, 0.001345471177986176, 0.9999978379858114, 0.0015854750114828542, 
6.234309, 0.046914, -10.474173, 0.986988, 0.001398, 0.9994, -0.0014, 0.0349, 0.001345471177986176, 0.9999978379858114, 0.0015854750114828542, 
6.106675, 0.116347, -6.811962, 0.990528, 0.160186, 0.9994, -0.0014, 0.0349, 0.0013454536339877568, 0.999997837212808, 0.0015859773722225526, 
6.234309, 0.046914, -10.474173, 0.986988, 0.001398, 0.9994, -0.0014, 0.0349, 0.0013454536339877568, 0.999997837212808, 0.0015859773722225526, 
6.234399, 0.116347, -10.474063, 0.990249, 0.001398, 0.9994, -0.0014, 0.0349, 0.0013454536339877568, 0.999997837212808, 0.0015859773722225526, 
-2.226852, 0.116347, -11.962154, 0.993481, 0.093389, -0.8943, 0.0019, -0.4475, -0.0016106004434129216, -0.999998175492875, -0.0010271207975246631, 
-2.226943, 0.046914, -11.962264, 0.996742, 0.093387, -0.8943, 0.0019, -0.4475, -0.0016106004434129216, -0.999998175492875, -0.0010271207975246631, 
-4.104448, 0.046914, -8.210366, 0.996746, 0.284457, -0.8943, 0.0019, -0.4475, -0.0016106004434129216, -0.999998175492875, -0.0010271207975246631, 
-2.226852, 0.116347, -11.962154, 0.993481, 0.093389, -0.8943, 0.0019, -0.4475, -0.0017578778383427474, -0.9999981864358026, -0.0007327964321745391, 
-4.104448, 0.046914, -8.210366, 0.996746, 0.284457, -0.8943, 0.0019, -0.4475, -0.0017578778383427474, -0.9999981864358026, -0.0007327964321745391, 
-4.104357, 0.116347, -8.210257, 0.993485, 0.28446, -0.8943, 0.0019, -0.4475, -0.0017578778383427474, -0.9999981864358026, -0.0007327964321745391, 
3.277466, 0.099803, 2.948696, 0.990348, 0.632175, 0.7847, -0.002, 0.6199, 0.001309357338830258, 0.9999979121114242, 0.0015688709799044126, 
3.277375, 0.030371, 2.948587, 0.987088, 0.632175, 0.7847, -0.002, 0.6199, 0.001309357338830258, 0.9999979121114242, 0.0015688709799044126, 
4.896255, 0.033427, 0.899395, 0.987167, 0.513001, 0.7847, -0.002, 0.6199, 0.001309357338830258, 0.9999979121114242, 0.0015688709799044126, 
3.277466, 0.099803, 2.948696, 0.990348, 0.632175, 0.7847, -0.002, 0.6199, 0.0011137157849245496, 0.999997729937872, 0.001816523122189789, 
4.896255, 0.033427, 0.899395, 0.987167, 0.513001, 0.7847, -0.002, 0.6199, 0.0011137157849245496, 0.999997729937872, 0.001816523122189789, 
4.896346, 0.102859, 0.899504, 0.990427, 0.513, 0.7847, -0.002, 0.6199, 0.0011137157849245496, 0.999997729937872, 0.001816523122189789, 
4.311618, 0.116347, -12.00743, 0.990249, 0.884636, 0.341, 0.001, -0.9401, -0.0007328239034182621, 0.9999994131616157, 0.0007979007149196769, 
4.311528, 0.046914, -12.00754, 0.986988, 0.884629, 0.341, 0.001, -0.9401, -0.0007328239034182621, 0.9999994131616157, 0.0007979007149196769, 
0.673795, 0.046914, -13.327003, 0.987005, 0.705309, 0.341, 0.001, -0.9401, -0.0007328239034182621, 0.9999994131616157, 0.0007979007149196769, 
4.311618, 0.116347, -12.00743, 0.990249, 0.884636, 0.341, 0.001, -0.9401, -0.0004279168913210601, 0.9999994957582952, 0.0009084989211975465, 
0.673795, 0.046914, -13.327003, 0.987005, 0.705309, 0.341, 0.001, -0.9401, -0.0004279168913210601, 0.9999994957582952, 0.0009084989211975465, 
0.673886, 0.116347, -13.326893, 0.990266, 0.705315, 0.341, 0.001, -0.9401, -0.0004279168913210601, 0.9999994957582952, 0.0009084989211975465, 
5.05393, 0.107758, -1.40424, 0.990486, 0.411597, 0.9816, -0.0016, 0.1911, 0.0013238598269584387, 0.9999978873907558, 0.0015724532374819774, 
5.053839, 0.038326, -1.404349, 0.987226, 0.411597, 0.9816, -0.0016, 0.1911, 0.0013238598269584387, 0.9999978873907558, 0.0015724532374819774, 
6.106584, 0.046914, -6.812072, 0.987268, 0.160186, 0.9816, -0.0016, 0.1911, 0.0013238598269584387, 0.9999978873907558, 0.0015724532374819774, 
5.05393, 0.107758, -1.40424, 0.990486, 0.411597, 0.9816, -0.0016, 0.1911, 0.001321161865898549, 0.9999978690715091, 0.0015863113707399216, 
6.106584, 0.046914, -6.812072, 0.987268, 0.160186, 0.9816, -0.0016, 0.1911, 0.001321161865898549, 0.9999978690715091, 0.0015863113707399216, 
6.106675, 0.116347, -6.811962, 0.990528, 0.160186, 0.9816, -0.0016, 0.1911, 0.001321161865898549, 0.9999978690715091, 0.0015863113707399216, 
4.896346, 0.102859, 0.899504, 0.990427, 0.513, 0.9977, -0.0014, 0.0682, 0.0012736128847796438, 0.999997391388777, 0.0018960817126046504, 
4.896255, 0.033427, 0.899395, 0.987167, 0.513001, 0.9977, -0.0014, 0.0682, 0.0012736128847796438, 0.999997391388777, 0.0018960817126046504, 
5.053839, 0.038326, -1.404349, 0.987226, 0.411597, 0.9977, -0.0014, 0.0682, 0.0012736128847796438, 0.999997391388777, 0.0018960817126046504, 
4.896346, 0.102859, 0.899504, 0.990427, 0.513, 0.9977, -0.0014, 0.0682, 0.0012959804795331584, 0.9999979295284277, 0.0015688764942751727, 
5.053839, 0.038326, -1.404349, 0.987226, 0.411597, 0.9977, -0.0014, 0.0682, 0.0012959804795331584, 0.9999979295284277, 0.0015688764942751727, 
5.05393, 0.107758, -1.40424, 0.990486, 0.411597, 0.9977, -0.0014, 0.0682, 0.0012959804795331584, 0.9999979295284277, 0.0015688764942751727, 
